2.024080006063515014e-01
1.279991955712117824e-01
1.047872417875229806e-01
8.952426760292268859e-02
7.710091180972274139e-02
6.674475779920076290e-02
5.822151972088911859e-02
5.127698245747649292e-02
4.562900556468840046e-02
4.101224931949146862e-02
3.720255449500515371e-02
3.402185336850596653e-02
3.133314283886537432e-02
2.903229974857211154e-02
2.704013583512835175e-02
2.529592321743855121e-02
2.375254632131127211e-02
2.237302192344605214e-02
2.112803976554266869e-02
1.999421687164079989e-02
1.895283420375070207e-02
1.798889558439676836e-02
1.709040396109822585e-02
1.624778852340044710e-02
1.545344117812314649e-02
1.470133630817370245e-02
1.398671686173419935e-02
1.330583505352175670e-02
1.265573893209398677e-02
1.203409779670141719e-02
1.143906053450732992e-02
1.086914172441921962e-02
1.032313098462108933e-02
9.800021602624811937e-03
9.298955006989595776e-03
8.819178124409153552e-03
8.360011112010838630e-03
7.920823358373848405e-03
7.501016005274328824e-03
7.100009554990973325e-03
6.717235396653118557e-03
6.352130312567045266e-03
6.004133215620125093e-03
5.672683526074371978e-03
5.357220724722369133e-03
5.057184723706192354e-03
4.772016780170976018e-03
4.501160744800871728e-03
4.244064490185916680e-03
4.000181405480002228e-03
